22,324,18
25,798,701,526,319,146,96,69
29,432
30,914,757
31,774,731,445
34,346
35,34
37,512,287
42,345
45,694
49,115,106
50,990,982,853,852,800,779,763,748,743,666,576,545,500,452,449,364,356,351,316,252,249,185,108,107,103
51,827,606,551,534,498,497,496,479,459,422,357,340,321,320,312,282,281,263,208,205,196,155,138,127,25
53,671,585,523,433,404,377,78,55,29,14,0
55,860,56
63,922,705,386
73,897,518
74,75
76,816,487,412
78,727
93,6
96,670
99,813,762,750,495
102,948
104,987,962,927,887,884,883,874,873,872,850,829,828
105,998,993,975,965,919,915,886,856,854,820,812,802,791,786,781,777,754,738,732,728,707,695,641,613,596,588,573,543,519,511,508,499,494,490,468,444,437,431,402,397,380,371,341,332,317,286,235,217,214,182,172,158,149,139,137,125,120,89,52,15
123,234
124,295
130,989,730,663,579,525,491,436,425,236,123,94
134,602,594,540,72,71,13,12
137,902,896,895,753,653,476,365,128
138,878,502,388,311,67
147,699,617,243,133
153,81,70
154,582,469,173
170,305
173,375
177,875,716
178,876,690,689,678,677,656,310,309,119,54,8,4
185,186
187,921,901,557,556,188,179
192,207
194,467,373,354
195,693,651,599,114
196,858,834,789,755,632,631,493,462,358,297,269,259,105,62
202,61
208,713,26
211,245
213,939,904,898,586,577,574,398,344,293,19,17,16
220,692
222,224,223
225,226
227,910,480
245,484,261
247,446,426
248,835,489,447
255,627
256,552
257,946,836,783,492,451,251,212
263,339
270,722
275,866,649
276,999,933,907,893,855,844,824,823,764,716,712,683,662,657,644,626,625,621,601,591,590,565,561,522,481,465,443,434,391,381,274,258,247,231,230,222,193,191,177,160,143,45,23
281,553,507,273,232
285,992,917,463,400,289,209,174,100,74
291,660
297,59
298,664,539,453,257,183,49
306,925,144,38
307,547,323
312,888
315,509
316,911
320,938,795,684,218
325,799,797,760,723,610,315,262,171,169,110,99
327,112
330,336
332,986
335,404
339,506,267,256
343,894,775,542,335,41
346,345,240,201,101
350,983,199
351,899
354,531,530,455,283,176,175
357,383,376,79
358,691
359,82
362,972,932,680,560,559,513,441,394,393,352,221,167,132,131,117,116,98,97,85,84,44,42,39,37,33,32,22
363,548
370,769,73
372,593
373,541,372,225
378,440,34
387,568,562
396,410
404,861,409,408,407,406,405
407,709
422,554
427,620
428,880,877
437,930,472,162
440,329
442,440
456,881,313,302
462,733,294
466,979,899,645,575,298
467,967,471,379
468,456,279,242,63
472,450
477,111,80,11
479,885,809,642,477
480,420
482,685,566,466,130
493,994,711
497,27
498,980,913,905,849,773,770,746,725,635,633,533,501,448,429,423,389,306,304,277,272,265,255,241,202,168,166,165,90,83,2
499,607,571,328
501,650,460,254,60
504,505
506,503,164
509,430
512,395,43
520,985
521,686,482,288,246,187
523,418
525,900,863,624,442,378,35
528,963,702
532,390
533,396,268,195
534,825,793,134
535,284,241
547,923,808,804,771,756,744,703,528,237,213
549,619,587,192
550,848,604
551,984,555,361,307
554,578,514,68
558,369
559,794
562,338
563,564
565,290,270
575,912,851,815,803,778,749,739,708,640,623,622,546,537,529,517,464,458,399,392,359,333,330,318,285,216,189,157,121,118,86,50,40
579,903,862,248
581,461,360
582,822,109
583,839,413
588,76
590,639
591,592
610,916,811
612,991,826,792,768,563,387,325,220,215,206,203,104
636,581,504
639,385,348
640,719
645,454
646,140
649,867
654,28
655,335,178
657,658
661,973,609
662,892,726,5
663,817,532,424,374,353,239,159,147
683,715,659,141,48
684,558,292
685,785,710,687,681,655,646,584,567,428,368,363,350,314,308,303,276,227,194,129,58,53,47,36,21
698,840,414
699,988,88
712,7
717,486,300
721,931,473
728,906
741,616
745,782,470
750,229,228
755,24
759,439,337,260,190,161
768,766,747,510,421
769,697,57
770,145
771,457,250
772,974,970,77
773,661,636,630,608,278,264
775,3
777,614
785,759,682,679,382,349,343,342,31,20
787,291,271
789,865,790,752,674,673,427,367,238,219,113
792,765
804,868,806,805,735,647,474,301,180,152
817,741,204,142,66,64,46,10
826,734
828,996,944,940,937,909
835,334
850,961,945,935,890,787,772,724,720,717,634,550,536,535,524,419,403,266,244,148,65
852,538,253,92
857,838,515,233
858,366,1
862,814
864,841,415
866,981,821,767,595,438,384,326,156
867,942,928,832,718,612
873,688
874,485,299
879,842,516,416
883,435,51
886,918,676,672,637,520,488,411,327,296,197,163,135,124,87
890,934,721
891,347
893,891,729
903,706
907,908
909,969
913,30
915,544
923,331
927,95
928,929,521,362,211,154
940,941,401,370
944,700,654
945,978,667,478,170
946,977,847,837,796,776,742,740,615,598,580,483,252,210,200,198,184,126
948,976,971,968,966,964,960,959,957,953,952,951,950,949,943,936,926,924,920,889,882,879,871,869,864,859,857,846,845,833,831,830,819,810,807,784,761,758,745,736,714,704,698,696,675,669,668,665,648,643,638,629,628,618,611,605,600,597,589,583,572,570,569
949,956,955,954
953,843,417
960,958
964,818,280
965,870,737,475,181,153
969,102
979,947,801,788,780,751,652,603,527,355,322,151,150,136,122,93,91,9
984,549
996,997,995
